version https://git-lfs.github.com/spec/v1
oid sha256:f63b8b66cc609a29b03e1c8192731742e4b4955a0cdd618e13c5a55e0d0e64a0
size 152706
