version https://git-lfs.github.com/spec/v1
oid sha256:d6290b216afac88eccaba6477e729cfb99d0518d542c57529b652ac6db069d38
size 47303
