version https://git-lfs.github.com/spec/v1
oid sha256:04e11895388e632833879bd24d08d6c13eeb3ed43e2dcc8e413bdc1f35a22659
size 149721
