version https://git-lfs.github.com/spec/v1
oid sha256:bb23c267a403fd308b17ba3c9e8f374e695635bae3200851bbda772694259a49
size 49147
