version https://git-lfs.github.com/spec/v1
oid sha256:575277a9ec2ead66253c98176164481653aae4692206a23d915166832a99685e
size 70071
