version https://git-lfs.github.com/spec/v1
oid sha256:950fda50cd94aea429ce9292bd19b0e8c9ee7608d07f243969ab530895c810fd
size 143337
