version https://git-lfs.github.com/spec/v1
oid sha256:1982ec51c8491cfa92ba6b1f607f7dc2ab382e3e0d2c38db3dc69720945925a5
size 44357
