version https://git-lfs.github.com/spec/v1
oid sha256:3e1368eff680a9777111647a4a4d577f0bf9c09be37f80967f247c90db657836
size 112461
