version https://git-lfs.github.com/spec/v1
oid sha256:74b48c3fa2fdb64aab4919537caed5f17f2b4926f59e9feb22a4be3d7c90017f
size 48376
