version https://git-lfs.github.com/spec/v1
oid sha256:f181cfdfefa2ceec65b0606466e1b79db245bad61be0d21ca2a2bd085f3eae2b
size 110702
