version https://git-lfs.github.com/spec/v1
oid sha256:64d19029aaea4d8dcbdbf544c148244eff1cb2cd820495eee6e748098551879b
size 112191
