version https://git-lfs.github.com/spec/v1
oid sha256:f16d5e4560cca5b2d3cd8bd1a205833c229aa10552a5cadebb05eb3671bbb5cb
size 24859
