version https://git-lfs.github.com/spec/v1
oid sha256:009fa4ef1d5b1daf83f1d21cc9129e93d512da349ba31f266f199bc39df41a90
size 59001
