version https://git-lfs.github.com/spec/v1
oid sha256:9260dbda926b5a1f157622e5afeed67092a413f0cabe832efff4a4e0823dfc4b
size 55019
