version https://git-lfs.github.com/spec/v1
oid sha256:cd812719dadcb8bd20bc4a87ecb03cc254c5cb396e471ea143ac823d81b15680
size 107889
