version https://git-lfs.github.com/spec/v1
oid sha256:01c6f12d930cec80b582c78527017b6c65293135f7f48c77f11f8bb7ec71ba6e
size 92277
