version https://git-lfs.github.com/spec/v1
oid sha256:8e1d8e14726f396bec222b99ff904bee25fd0bc64d83dfc75709e6b3ae8f9e97
size 3831
